name=network.nnd
layers=3
neurons=2,3,1
algorithm=ADAM
stochastic=false,0.000000
learning_coefficient=0.050000
cycles=true,3000
tolerance=true,0.005000
regularization=true,lasso,1,4,10
l1=lin,sin,tim
l2=div
input_data=5
d_y0=0.156000,1.255000,3.000000,1.220000,0.550000
d_x1=0.100000,0.200000,0.300000,0.400000,0.500000
d_x2=-0.600000,-0.400000,0.000000,0.400000,0.600000
calculated=true
k_w1=0.500000
k_w2=0.100000
k_w3=1.100000
k_b1=0.500000
k_b2=0.100000
k_b3=1.100000
k_b4=1.300000
k_b5=1.200000
